#MESSAGE(Tune): cal for device video1:
imWidthCalEx   = 320
imHeightCalEx  = 240
focalCalEx     = 343
AbConstant = 0.983734
Abrqw2     = 0.187962
AbipimR    = 0.062455
AbjpjmR    = -0.031536
ARC        = 1.3675
RgSir      = 0
RgSiri     = 0
RgSjr      = 0
RgSjrj     = 0
P          = [ 10  -3.875  18  ]
ACPW       = [ 0.793806 -0.312277 -0.526554 
              0.60092 0.428688 0.66765 
              -0.0329834 0.853703 -0.526342 ]
