# Output of calibrate
nCal       = 480
mCal       = 336
focalCal   = 515
AbConstant = 0.983734
Abrqw2     = 0.187962
AbipimR    = 0.062455
AbjpjmR    = -0.031536
ARC        = 1.3675
P          = [ 10  -3.875  18  ]
ACPW       = [ 0.789535 -0.327165 -0.527005 
              0.610783 0.399862 0.682072 
              0.000197127 0.872102 -0.50683 ]
