# Output of calibrate
nCal       = 480
mCal       = 336
focalCal   = 537
AbConstant = 0.993084
Abrqw2     = 0.334932
AbipimR    = -0.020826
AbjpjmR    = 0.004861
ARC        = 1.3675
P          = [ -10.5  -4.5  18  ]
ACPW       = [ 0.851424 0.340358 0.499116 
              -0.615953 0.392782 0.714862 
              -0.0648781 0.885374 -0.490944 ]
